{
  "schema_version": 1,
  "widget_file_name": "heavy-drinkers-by-state-5-drinks.html",
  "brand": "Action Network",
  "created_by": "benbc",
  "created_at_utc": "2026-01-28 15:08:29 UTC",
  "table_name_words": "Heavy drinkers by state (5+ drinks)",
  "widget_title": "Heavy drinkers by state (5+ drinks)",
  "widget_subtitle": "",
  "config": {
    "brand": "Action Network",
    "title": "Heavy drinkers by state (5+ drinks)",
    "subtitle": "",
    "striped": true,
    "show_header": true,
    "center_titles": false,
    "branded_title_color": true,
    "show_footer": true,
    "footer_logo_align": "Center",
    "footer_logo_h": 36,
    "show_footer_notes": false,
    "footer_notes": "",
    "show_heat_scale": false,
    "cell_align": "Center",
    "show_search": true,
    "show_pager": true,
    "show_embed": true,
    "show_page_numbers": true,
    "bar_columns": [],
    "bar_max_overrides": {},
    "bar_fixed_w": 200,
    "heat_columns": [],
    "heat_overrides": {},
    "heat_strength": 0.55,
    "heatmap_style": "Branded heatmap",
    "header_style": "Keep original"
  },
  "col_format_rules": {},
  "csv": "\"Rank\n(By 5+ Drinks)\",State,5+ Drinks,4,3,2,1,\"None - \nI will not be drinking\"\n1,Ohio,27.0%,9.5%,12.7%,15.9%,12.7%,22.2%\n2,Hawaii,26.9%,9.6%,13.5%,13.5%,5.8%,30.8%\n3,New York,26.6%,10.9%,21.9%,15.6%,6.3%,18.8%\n4,Washington,26.6%,9.4%,14.1%,10.9%,7.8%,31.3%\n5,Texas,23.4%,12.5%,14.1%,9.4%,9.4%,31.3%\n6,Kansas,23.3%,11.7%,20.0%,16.7%,5.0%,23.3%\n7,Illinois,23.1%,3.1%,21.5%,7.7%,9.2%,35.4%\n8,Virginia,23.0%,16.4%,11.5%,8.2%,11.5%,29.5%\n9,Colorado,22.6%,8.1%,6.5%,22.6%,4.8%,35.5%\n10,Michigan,22.6%,9.7%,19.4%,8.1%,11.3%,29.0%\n11,West Virginia,22.0%,6.8%,22.0%,8.5%,6.8%,33.9%\n12,Delaware,21.7%,13.3%,6.7%,20.0%,8.3%,30.0%\n13,Mississippi,21.7%,10.0%,13.3%,13.3%,8.3%,33.3%\n14,New Mexico,21.3%,16.4%,6.6%,13.1%,6.6%,36.1%\n15,Alaska,21.2%,11.5%,11.5%,11.5%,11.5%,32.7%\n16,New Jersey,21.0%,14.5%,17.7%,6.5%,6.5%,33.9%\n17,North Dakota,20.7%,13.8%,8.6%,8.6%,8.6%,39.7%\n18,Georgia,20.0%,11.7%,21.7%,21.7%,6.7%,18.3%\n19,Maine,20.0%,18.3%,11.7%,15.0%,6.7%,28.3%\n20,Massachusetts,19.7%,16.4%,14.8%,8.2%,9.8%,31.1%\n21,Oklahoma,19.7%,3.3%,14.8%,13.1%,8.2%,41.0%\n22,Utah,19.7%,11.5%,6.6%,8.2%,4.9%,49.2%\n23,Connecticut,19.0%,9.5%,11.1%,14.3%,14.3%,31.7%\n24,North Carolina,19.0%,11.1%,20.6%,12.7%,6.3%,30.2%\n25,Maryland,18.5%,13.8%,9.2%,10.8%,10.8%,36.9%\n26,Louisiana,18.5%,10.8%,16.9%,12.3%,10.8%,30.8%\n27,Tennessee,18.3%,11.7%,18.3%,16.7%,1.7%,33.3%\n28,Oregon,18.0%,8.2%,18.0%,19.7%,4.9%,31.1%\n29,Wisconsin,17.5%,11.1%,9.5%,20.6%,7.9%,33.3%\n30,California,17.5%,9.5%,17.5%,15.9%,9.5%,30.2%\n31,Arkansas,16.4%,9.8%,18.0%,8.2%,8.2%,39.3%\n32,Montana,16.4%,7.3%,14.5%,18.2%,9.1%,34.5%\n33,Arizona,16.1%,14.5%,16.1%,17.7%,9.7%,25.8%\n34,Missouri,15.3%,8.5%,18.6%,18.6%,10.2%,28.8%\n35,Indiana,15.0%,6.7%,11.7%,10.0%,10.0%,46.7%\n36,Kentucky,14.8%,14.8%,18.0%,13.1%,6.6%,32.8%\n37,Pennsylvania,13.8%,12.3%,12.3%,18.5%,9.2%,33.8%\n38,Idaho,13.3%,18.3%,13.3%,11.7%,3.3%,40.0%\n39,Rhode Island,13.3%,1.7%,15.0%,25.0%,11.7%,33.3%\n40,Florida,12.7%,15.9%,12.7%,23.8%,3.2%,31.7%\n41,Nebraska,11.7%,11.7%,15.0%,15.0%,6.7%,40.0%\n42,New Hampshire,11.7%,3.3%,23.3%,11.7%,5.0%,45.0%\n43,Alabama,11.7%,15.0%,15.0%,16.7%,5.0%,36.7%\n44,Wyoming,10.9%,12.7%,14.5%,9.1%,7.3%,45.5%\n45,South Dakota,10.5%,8.8%,10.5%,21.1%,7.0%,42.1%\n46,South Carolina,10.2%,10.2%,22.0%,16.9%,3.4%,37.3%\n47,Iowa,10.2%,10.2%,11.9%,16.9%,3.4%,47.5%\n48,Nevada,10.2%,8.5%,11.9%,16.9%,6.8%,45.8%\n49,Minnesota,6.7%,5.0%,15.0%,18.3%,11.7%,43.3%\n50,Vermont,2.6%,5.3%,23.7%,23.7%,10.5%,34.2%\n",
  "hidden_cols": [],
  "bar_columns": [],
  "bar_max_overrides": {},
  "heat_columns": [],
  "heat_overrides": {}
}