{
  "schema_version": 1,
  "widget_file_name": "which-fan-bases-will-be-calling-in-sick-on-super-bowl-monday.html",
  "brand": "Action Network",
  "created_by": "benbc",
  "created_at_utc": "2026-01-28 14:27:09 UTC",
  "table_name_words": "Which Fan Bases Will Be Calling In Sick On Super Bowl Monday?",
  "widget_title": "Which Fan Bases Will Be Calling In Sick On Super Bowl Monday?",
  "widget_subtitle": "NFL Fans Ranked",
  "config": {
    "brand": "Action Network",
    "title": "Which Fan Bases Will Be Calling In Sick On Super Bowl Monday?",
    "subtitle": "NFL Fans Ranked",
    "striped": true,
    "show_header": true,
    "center_titles": false,
    "branded_title_color": true,
    "show_footer": true,
    "footer_logo_align": "Center",
    "footer_logo_h": 36,
    "show_footer_notes": false,
    "footer_notes": "",
    "show_heat_scale": false,
    "cell_align": "Center",
    "show_search": true,
    "show_pager": true,
    "show_embed": true,
    "show_page_numbers": true,
    "bar_columns": [],
    "bar_max_overrides": {},
    "bar_fixed_w": 200,
    "heat_columns": [],
    "heat_overrides": {},
    "heat_strength": 0.55,
    "heatmap_style": "Branded heatmap",
    "header_style": "Keep original"
  },
  "col_format_rules": {},
  "csv": "\"Rank\n(have/would \ncall in sick)\",Team,\"Have called in, \nor would call in, sick\",\"No, but maybe I would\",\"No, and I never would\"\n1,Jacksonville Jaguars,56.3%,18.8%,25.0%\n2,Washington Commanders,41.9%,14.5%,43.5%\n3,Buffalo Bills,41.3%,14.7%,44.0%\n4,Indianapolis Colts,40.9%,20.5%,38.6%\n5,Tennessee Titans,40.0%,35.0%,25.0%\n6,Tampa Bay Buccaneers,39.5%,9.3%,51.2%\n7,Houston Texans,39.1%,17.4%,43.5%\n8,New York Jets,37.1%,17.1%,45.7%\n9,Philadelphia Eagles,36.6%,14.6%,48.8%\n10,Cincinnati Bengals,36.2%,25.5%,38.3%\n11,Miami Dolphins,36.2%,12.8%,51.1%\n12,New York Giants,35.5%,15.5%,49.1%\n13,Dallas Cowboys,35.4%,15.8%,48.8%\n14,New England Patriots,33.8%,14.6%,51.5%\n15,New Orleans Saints,32.6%,20.9%,46.5%\n16,Baltimore Ravens,32.1%,25.6%,42.3%\n17,Arizona Cardinals,31.6%,18.4%,50.0%\n18,Pittsburgh Steelers,31.4%,11.9%,56.6%\n19,Green Bay Packers,31.4%,13.0%,55.6%\n20,Las Vegas Raiders,31.1%,18.9%,50.0%\n21,Detroit Lions,31.0%,14.9%,54.0%\n22,Los Angeles Chargers,30.8%,19.2%,50.0%\n23,Carolina Panthers,30.4%,17.9%,51.8%\n24,Seattle Seahawks,26.8%,20.5%,52.7%\n25,Kansas City Chiefs,26.1%,21.3%,52.6%\n26,Chicago Bears,25.0%,13.9%,61.1%\n27,San Francisco 49ers,24.8%,19.5%,55.8%\n28,Denver Broncos,24.4%,15.9%,59.8%\n29,Atlanta Falcons,23.4%,34.0%,42.6%\n30,Minnesota Vikings,22.9%,17.6%,59.5%\n31,Los Angeles Rams,20.5%,17.9%,61.5%\n32,Cleveland Browns,18.8%,16.7%,64.6%\n",
  "hidden_cols": [],
  "bar_columns": [],
  "bar_max_overrides": {},
  "heat_columns": [],
  "heat_overrides": {}
}