{
  "schema_version": 1,
  "widget_file_name": "which-states-will-be-calling-in-sick-on-super-bowl-monday.html",
  "brand": "Action Network",
  "created_by": "benbc",
  "created_at_utc": "2026-01-28 16:28:33 UTC",
  "table_name_words": "Which States Will Be Calling In Sick On Super Bowl Monday?",
  "widget_title": "Which States Will Be Calling In Sick On Super Bowl Monday?",
  "widget_subtitle": "",
  "config": {
    "brand": "Action Network",
    "title": "Which States Will Be Calling In Sick On Super Bowl Monday?",
    "subtitle": "",
    "striped": true,
    "show_header": true,
    "center_titles": false,
    "branded_title_color": true,
    "show_footer": true,
    "footer_logo_align": "Center",
    "footer_logo_h": 36,
    "show_footer_notes": false,
    "footer_notes": "",
    "show_heat_scale": false,
    "cell_align": "Center",
    "show_search": true,
    "show_pager": true,
    "show_embed": true,
    "show_page_numbers": true,
    "bar_columns": [],
    "bar_max_overrides": {},
    "bar_fixed_w": 200,
    "heat_columns": [],
    "heat_overrides": {},
    "heat_strength": 0.55,
    "heatmap_style": "Branded heatmap",
    "header_style": "Keep original"
  },
  "col_format_rules": {},
  "csv": "\"Rank\n(have/would \ncall in sick)\",State,\"Have called in, \nor would call in, sick\",\"No, but maybe I would\",\"No, and I never would\"\n1,Mississippi,45%,15%,40%\n2,New Hampshire,43%,10%,47%\n3,Florida,43%,6%,51%\n4,New York,41%,27%,33%\n5,North Dakota,40%,12%,48%\n6,Massachusetts,38%,8%,54%\n7,Washington,38%,19%,44%\n8,West Virginia,37%,12%,51%\n9,Michigan,37%,18%,45%\n10,Indiana,37%,15%,48%\n11,Hawaii,37%,19%,44%\n12,Kentucky,36%,20%,44%\n13,New Jersey,35%,16%,48%\n14,Delaware,35%,13%,52%\n15,Ohio,35%,16%,49%\n16,California,35%,22%,43%\n17,Virginia,34%,25%,41%\n18,Louisiana,34%,22%,45%\n19,Pennsylvania,34%,15%,51%\n20,Tennessee,33%,15%,52%\n21,Kansas,33%,17%,50%\n22,New Mexico,33%,15%,52%\n23,Colorado,32%,13%,55%\n24,Wisconsin,32%,11%,57%\n25,Vermont,32%,18%,50%\n26,Arkansas,31%,15%,54%\n27,South Carolina,31%,19%,51%\n28,North Carolina,30%,19%,51%\n29,Alabama,30%,23%,47%\n30,Rhode Island,30%,17%,53%\n31,South Dakota,30%,12%,58%\n32,Oregon,30%,20%,51%\n33,Maryland,29%,15%,55%\n34,Wyoming,29%,13%,58%\n35,Georgia,28%,25%,47%\n36,Iowa,27%,17%,56%\n37,Nevada,27%,12%,61%\n38,Idaho,27%,15%,58%\n39,Maine,27%,25%,48%\n40,Arizona,26%,11%,63%\n41,Montana,25%,13%,62%\n42,Connecticut,25%,17%,57%\n43,Utah,25%,26%,49%\n44,Texas,23%,16%,61%\n45,Oklahoma,23%,28%,49%\n46,Missouri,22%,22%,56%\n47,Nebraska,22%,20%,58%\n48,Illinois,22%,11%,68%\n49,Alaska,21%,25%,54%\n50,Minnesota,17%,25%,58%\n",
  "hidden_cols": [],
  "bar_columns": [],
  "bar_max_overrides": {},
  "heat_columns": [],
  "heat_overrides": {}
}